 1  0  1  0  0  0  0  0  0  0  0  0  0  0  0  0  1  0  0  0  0  0  0  0
  0  0  0  0  0  0  0  0  0  0  0  0  0  0  0  0  0  0  0  0  0  0  0  0
  1  0  2  0  0  0  1  0  0  0  1  0  0  0  0  0  1  0  0  0  0  0  0  0
  0  0  0  3  2  2  2  2  1  0  2  2  1  2  1  2  0  2  2  1  0  0  0  0
  0  0  0  2 10  5  9  5  2  0  5  5  4  5  4  4  0  4  5  0  1  0  0  0
  0  0  0  2  5  8  7  2  1  0  2  2  1  2  2  2  0  2  2  0  0  0  0  0
  0  0  1  2  9  7 13  5  2  0  6  4  3  4  3  3  0  4  5  0  1  0  0  0
  0  0  0  2  5  2  5  7  4  1  4  4  3  4  3  5  0  4  5  0  1  0  0  0
  0  0  0  1  2  1  2  4  9  6  4  2  2  2  2  6  0  2  2  0  0  0  0  0
  0  0  0  0  0  0  0  1  6  7  2  0  0  0  0  4  0  0  0  0  0  0  0  0
  0  0  1  2  5  2  6  4  4  2 11  6  5  5  4  4  0  3  4  2  0  0  0  0
  0  0  0  2  5  2  4  4  2  0  6  6  5  5  4  4  0  3  4  1  0  0  0  0
  0  0  0  1  4  1  3  3  2  0  5  5  6  5  4  3  0  2  3  1  0  0  0  0
  0  0  0  2  5  2  4  4  2  0  5  5  5  6  4  4  0  3  4  0  0  0  0  0
  0  0  0  1  4  2  3  3  2  0  4  4  4  4  8  6  0  2  3  0  0  1  0  0
  0  0  0  2  4  2  3  5  6  4  4  4  3  4  6 13  0  3  4  0  0  1  0  0
  1  0  1  0  0  0  0  0  0  0  0  0  0  0  0  0  2  0  1  1  1  1  1  0
  0  0  0  2  4  2  4  4  2  0  3  3  2  3  2  3  0 11 11  0  1  0  1  0
  0  0  0  2  5  2  5  5  2  0  4  4  3  4  3  4  1 11 14  1  2  1  2  0
  0  0  0  1  0  0  0  0  0  0  2  1  1  0  0  0  1  0  1  4  1  1  1  0
  0  0  0  0  1  0  1  1  0  0  0  0  0  0  0  0  1  1  2  1  2  1  1  0
  0  0  0  0  0  0  0  0  0  0  0  0  0  0  1  1  1  0  1  1  1  2  1  0
  0  0  0  0  0  0  0  0  0  0  0  0  0  0  0  0  1  1  2  1  1  1  3  1
  0  0  0  0  0  0  0  0  0  0  0  0  0  0  0  0  0  0  0  0  0  0  1  1
